0.0 0.0 -0.25 1.0 0.0 0.0 0.0
0.0 0.0 -0.5 1.0 0.0 0.0 0.0
0.0 0.0 -0.5 0.9961947202682495 0.0 -0.08715573698282242 0.0
0.0 0.0 -0.5 0.9848077893257141 0.0 -0.1736481636762619 0.0
0.0 0.0 -0.5 0.9659258723258972 0.0 -0.258819043636322 0.0
0.125 0.0 -0.7165063619613647 0.9659258723258972 0.0 -0.258819043636322 0.0
0.125 0.0 -0.7165063619613647 0.9396926760673523 0.0 -0.3420201539993286 0.0
0.125 0.0 -0.7165063619613647 0.9063078761100769 0.0 -0.4226182699203491 0.0
0.125 0.0 -0.7165063619613647 0.8660253882408142 0.0 -0.4999999403953552 0.0
0.34150630235671997 0.0 -0.8415063619613647 0.8660253882408142 0.0 -0.4999999403953552 0.0
0.5580126047134399 0.0 -0.9665063619613647 0.8660253882408142 0.0 -0.4999999403953552 0.0
0.7745189070701599 0.0 -1.0915063619613647 0.8660253882408142 0.0 -0.4999999403953552 0.0
0.9910252094268799 0.0 -1.2165063619613647 0.8660253882408142 0.0 -0.4999999403953552 0.0
1.2075315713882446 0.0 -1.3415063619613647 0.8660253882408142 0.0 -0.4999999403953552 0.0
1.4240379333496094 0.0 -1.4665063619613647 0.8660253882408142 0.0 -0.4999999403953552 0.0
1.6405442953109741 0.0 -1.5915063619613647 0.8660253882408142 0.0 -0.4999999403953552 0.0
1.8570506572723389 0.0 -1.7165063619613647 0.8660253882408142 0.0 -0.4999999403953552 0.0
2.073556900024414 0.0 -1.8415063619613647 0.8660253882408142 0.0 -0.4999999403953552 0.0
2.2900631427764893 0.0 -1.9665063619613647 0.8660253882408142 0.0 -0.4999999403953552 0.0
2.5065693855285645 0.0 -2.0915064811706543 0.8660253882408142 0.0 -0.4999999403953552 0.0
2.5065693855285645 0.0 -2.0915064811706543 0.9063078165054321 0.0 -0.42261824011802673 0.0
2.5065693855285645 0.0 -2.0915064811706543 0.9396926760673523 0.0 -0.3420201539993286 0.0
2.5065693855285645 0.0 -2.0915064811706543 0.9659258723258972 0.0 -0.258819043636322 0.0
2.5065693855285645 0.0 -2.0915064811706543 0.9848077893257141 0.0 -0.1736481785774231 0.0
2.5065693855285645 0.0 -2.0915064811706543 0.9961947798728943 0.0 -0.08715575188398361 0.0
2.5065693855285645 0.0 -2.0915064811706543 1.0 0.0 -7.4505797087454084e-09 0.0
2.5065693855285645 0.0 -2.0915064811706543 0.9961947202682495 0.0 0.08715572953224182 0.0
2.5065693855285645 0.0 -2.0915064811706543 0.9848077893257141 0.0 0.1736481487751007 0.0
2.5065693855285645 0.0 -2.0915064811706543 0.9659258723258972 0.0 0.25881901383399963 0.0
2.5065693855285645 0.0 -2.0915064811706543 0.9396926760673523 0.0 0.3420201241970062 0.0
2.5065693855285645 0.0 -2.0915064811706543 0.9063078761100769 0.0 0.4226182699203491 0.0
2.5065693855285645 0.0 -2.0915064811706543 0.8660253882408142 0.0 0.4999999403953552 0.0
2.5065693855285645 0.0 -2.0915064811706543 0.8191521167755127 0.0 0.5735764503479004 0.0
2.5065693855285645 0.0 -2.0915064811706543 0.7660444378852844 0.0 0.6427875757217407 0.0
2.5065693855285645 0.0 -2.0915064811706543 0.7071068286895752 0.0 0.7071068286895752 0.0
2.5065693855285645 0.0 -2.0915064811706543 0.6427876353263855 0.0 0.7660443782806396 0.0
2.5065693855285645 0.0 -2.0915064811706543 0.5735764503479004 0.0 0.8191519975662231 0.0
2.5065693855285645 0.0 -2.0915064811706543 0.5000000596046448 0.0 0.8660253882408142 0.0
2.5065693855285645 0.0 -2.0915064811706543 0.4226183295249939 0.0 0.9063077569007874 0.0
2.5065693855285645 0.0 -2.0915064811706543 0.3420202136039734 0.0 0.9396926164627075 0.0
2.5065693855285645 0.0 -2.0915064811706543 0.2588191032409668 0.0 0.9659258127212524 0.0
2.5065693855285645 0.0 -2.0915064811706543 0.17364826798439026 0.0 0.9848077893257141 0.0
2.5065693855285645 0.0 -2.0915064811706543 0.08715583384037018 0.0 0.9961946606636047 0.0
2.5065693855285645 0.0 -2.0915064811706543 9.685754776000977e-08 0.0 1.0 0.0
2.5065693855285645 0.0 -2.0915064811706543 -0.08715564012527466 0.0 0.9961947202682495 0.0
2.5065693855285645 0.0 -2.0915064811706543 -0.17364805936813354 0.0 0.9848077893257141 0.0
2.5065693855285645 0.0 -2.0915064811706543 -0.25881892442703247 0.0 0.9659258723258972 0.0
2.5065693855285645 0.0 -2.0915064811706543 -0.34202003479003906 0.0 0.9396926760673523 0.0
2.5065693855285645 0.0 -2.0915064811706543 -0.42261818051338196 0.0 0.9063078761100769 0.0
2.698080539703369 0.0 -1.930809497833252 -0.42261818051338196 0.0 0.9063078761100769 0.0
2.889591693878174 0.0 -1.7701125144958496 -0.42261818051338196 0.0 0.9063078761100769 0.0
3.0811028480529785 0.0 -1.6094155311584473 -0.42261818051338196 0.0 0.9063078761100769 0.0
3.0811028480529785 0.0 -1.6094155311584473 -0.34202006459236145 0.0 0.9396926760673523 0.0
3.241799831390381 0.0 -1.4179043769836426 -0.34202006459236145 0.0 0.9396926760673523 0.0
3.241799831390381 0.0 -1.4179043769836426 -0.25881898403167725 0.0 0.9659258723258972 0.0
3.241799831390381 0.0 -1.4179043769836426 -0.17364811897277832 0.0 0.9848077893257141 0.0
3.3273048400878906 0.0 -1.182981252670288 -0.17364811897277832 0.0 0.9848077893257141 0.0
3.4128098487854004 0.0 -0.9480580687522888 -0.17364811897277832 0.0 0.9848077893257141 0.0
3.4128098487854004 0.0 -0.9480580687522888 -0.08715569227933884 0.0 0.9961947798728943 0.0
3.45622181892395 0.0 -0.7018560171127319 -0.08715569227933884 0.0 0.9961947798728943 0.0
3.4996337890625 0.0 -0.45565399527549744 -0.08715569227933884 0.0 0.9961947798728943 0.0
3.54304575920105 0.0 -0.20945197343826294 -0.08715569227933884 0.0 0.9961947798728943 0.0
3.5864577293395996 0.0 0.03675004839897156 -0.08715569227933884 0.0 0.9961947798728943 0.0
3.6298696994781494 0.0 0.28295207023620605 -0.08715569227933884 0.0 0.9961947798728943 0.0
3.673281669616699 0.0 0.5291540622711182 -0.08715569227933884 0.0 0.9961947798728943 0.0
3.673281669616699 0.0 0.5291540622711182 5.215405707303944e-08 0.0 1.0 0.0
3.673281669616699 0.0 0.5291540622711182 0.0871557891368866 0.0 0.9961947202682495 0.0
3.673281669616699 0.0 0.5291540622711182 0.17364820837974548 0.0 0.9848077893257141 0.0
3.5877766609191895 0.0 0.7640772461891174 0.17364820837974548 0.0 0.9848077893257141 0.0
3.5022716522216797 0.0 0.9990004301071167 0.17364820837974548 0.0 0.9848077893257141 0.0
3.41676664352417 0.0 1.2339236736297607 0.17364820837974548 0.0 0.9848077893257141 0.0
3.33126163482666 0.0 1.4688467979431152 0.17364820837974548 0.0 0.9848077893257141 0.0
3.33126163482666 0.0 1.4688467979431152 0.2588190734386444 0.0 0.9659258723258972 0.0
3.33126163482666 0.0 1.4688467979431152 0.342020183801651 0.0 0.9396926760673523 0.0
3.33126163482666 0.0 1.4688467979431152 0.42261824011802673 0.0 0.9063077569007874 0.0
3.33126163482666 0.0 1.4688467979431152 0.4999999701976776 0.0 0.866025447845459 0.0
3.114755392074585 0.0 1.5938467979431152 0.4999999701976776 0.0 0.866025447845459 0.0
2.8982491493225098 0.0 1.7188467979431152 0.4999999701976776 0.0 0.866025447845459 0.0
2.8982491493225098 0.0 1.7188467979431152 0.42261824011802673 0.0 0.9063078165054321 0.0
2.8982491493225098 0.0 1.7188467979431152 0.3420201539993286 0.0 0.9396926760673523 0.0
2.8982491493225098 0.0 1.7188467979431152 0.258819043636322 0.0 0.9659258723258972 0.0
2.8982491493225098 0.0 1.7188467979431152 0.1736481785774231 0.0 0.9848077893257141 0.0
2.812744140625 0.0 1.9537699222564697 0.1736481785774231 0.0 0.9848077893257141 0.0
2.7272391319274902 0.0 2.188693046569824 0.1736481785774231 0.0 0.9848077893257141 0.0
2.7272391319274902 0.0 2.188693046569824 0.08715575188398361 0.0 0.9961947798728943 0.0
2.7272391319274902 0.0 2.188693046569824 7.4505797087454084e-09 0.0 1.0 0.0
2.7272391319274902 0.0 2.438693046569824 7.4505797087454084e-09 0.0 1.0 0.0
2.7272391319274902 0.0 2.438693046569824 -0.08715572953224182 0.0 0.9961947202682495 0.0
2.7272391319274902 0.0 2.438693046569824 -0.1736481487751007 0.0 0.9848077893257141 0.0
2.7272391319274902 0.0 2.438693046569824 -0.25881901383399963 0.0 0.9659258723258972 0.0
2.7272391319274902 0.0 2.438693046569824 -0.3420201241970062 0.0 0.9396926760673523 0.0
2.8879361152648926 0.0 2.630204200744629 -0.3420201241970062 0.0 0.9396926760673523 0.0
3.048633098602295 0.0 2.8217153549194336 -0.3420201241970062 0.0 0.9396926760673523 0.0
3.048633098602295 0.0 2.8217153549194336 -0.4226182699203491 0.0 0.9063078761100769 0.0
3.2401442527770996 0.0 2.982412338256836 -0.4226182699203491 0.0 0.9063078761100769 0.0
3.2401442527770996 0.0 2.982412338256836 -0.3420201539993286 0.0 0.9396926760673523 0.0
3.400841236114502 0.0 3.1739234924316406 -0.3420201539993286 0.0 0.9396926760673523 0.0
3.400841236114502 0.0 3.1739234924316406 -0.258819043636322 0.0 0.9659258723258972 0.0
3.400841236114502 0.0 3.1739234924316406 -0.1736481785774231 0.0 0.9848077893257141 0.0
3.400841236114502 0.0 3.1739234924316406 -0.08715575188398361 0.0 0.9961947798728943 0.0
3.400841236114502 0.0 3.1739234924316406 -7.4505797087454084e-09 0.0 1.0 0.0
3.400841236114502 0.0 3.1739234924316406 0.08715572953224182 0.0 0.9961947202682495 0.0
3.400841236114502 0.0 3.1739234924316406 0.1736481487751007 0.0 0.9848077893257141 0.0
3.400841236114502 0.0 3.1739234924316406 0.25881901383399963 0.0 0.9659258723258972 0.0
3.275841236114502 0.0 3.390429973602295 0.25881901383399963 0.0 0.9659258723258972 0.0
3.275841236114502 0.0 3.390429973602295 0.3420201241970062 0.0 0.9396926760673523 0.0
3.275841236114502 0.0 3.390429973602295 0.4226182699203491 0.0 0.9063078761100769 0.0
3.0843300819396973 0.0 3.5511269569396973 0.4226182699203491 0.0 0.9063078761100769 0.0
2.8928189277648926 0.0 3.7118239402770996 0.4226182699203491 0.0 0.9063078761100769 0.0
2.8928189277648926 0.0 3.7118239402770996 0.4999999403953552 0.0 0.8660253882408142 0.0
2.8928189277648926 0.0 3.7118239402770996 0.5735764503479004 0.0 0.8191521167755127 0.0
2.657895803451538 0.0 3.7973289489746094 0.5735764503479004 0.0 0.8191521167755127 0.0
2.4229726791381836 0.0 3.882833957672119 0.5735764503479004 0.0 0.8191521167755127 0.0
2.4229726791381836 0.0 3.882833957672119 0.6427875757217407 0.0 0.7660444378852844 0.0
2.1767706871032715 0.0 3.926245927810669 0.6427875757217407 0.0 0.7660444378852844 0.0
1.930568814277649 0.0 3.9696578979492188 0.6427875757217407 0.0 0.7660444378852844 0.0
1.930568814277649 0.0 3.9696578979492188 0.7071068286895752 0.0 0.7071068286895752 0.0
1.930568814277649 0.0 3.9696578979492188 0.7660443782806396 0.0 0.6427876353263855 0.0
1.6843669414520264 0.0 3.926245927810669 0.7660443782806396 0.0 0.6427876353263855 0.0
1.4381649494171143 0.0 3.882833957672119 0.7660443782806396 0.0 0.6427876353263855 0.0
1.1919629573822021 0.0 3.8394219875335693 0.7660443782806396 0.0 0.6427876353263855 0.0
0.9457610249519348 0.0 3.7960100173950195 0.7660443782806396 0.0 0.6427876353263855 0.0
0.9457610249519348 0.0 3.7960100173950195 0.8191519975662231 0.0 0.5735764503479004 0.0
0.9457610249519348 0.0 3.7960100173950195 0.8660253882408142 0.0 0.5000000596046448 0.0
0.9457610249519348 0.0 3.7960100173950195 0.9063077569007874 0.0 0.4226183295249939 0.0
0.9457610249519348 0.0 3.7960100173950195 0.9396926164627075 0.0 0.3420202136039734 0.0
0.9457610249519348 0.0 3.7960100173950195 0.9659258127212524 0.0 0.2588191032409668 0.0
0.9457610249519348 0.0 3.7960100173950195 0.9848077893257141 0.0 0.17364826798439026 0.0
0.9457610249519348 0.0 3.7960100173950195 0.9961946606636047 0.0 0.08715583384037018 0.0
0.9457610249519348 0.0 3.7960100173950195 1.0 0.0 9.685754776000977e-08 0.0
0.9457610249519348 0.0 3.7960100173950195 0.9961947202682495 0.0 -0.08715564012527466 0.0
0.9457610249519348 0.0 3.7960100173950195 0.9848077893257141 0.0 -0.17364805936813354 0.0
0.9457610249519348 0.0 3.7960100173950195 0.9659258723258972 0.0 -0.25881892442703247 0.0
1.07076096534729 0.0 3.5795035362243652 0.9659258723258972 0.0 -0.25881892442703247 0.0
1.19576096534729 0.0 3.362997055053711 0.9659258723258972 0.0 -0.25881892442703247 0.0
1.19576096534729 0.0 3.362997055053711 0.9848077893257141 0.0 -0.17364805936813354 0.0
1.19576096534729 0.0 3.362997055053711 0.9961947798728943 0.0 -0.08715563267469406 0.0
1.19576096534729 0.0 3.362997055053711 1.0 0.0 1.1175869474300271e-07 0.0
1.19576096534729 0.0 3.362997055053711 0.9961947202682495 0.0 0.08715584874153137 0.0
1.19576096534729 0.0 3.362997055053711 0.9848077893257141 0.0 0.17364826798439026 0.0
1.1102558374404907 0.0 3.1280739307403564 0.9848077893257141 0.0 0.17364826798439026 0.0
1.1102558374404907 0.0 3.1280739307403564 0.9659258723258972 0.0 0.2588191330432892 0.0
1.1102558374404907 0.0 3.1280739307403564 0.9396926760673523 0.0 0.3420202434062958 0.0
0.9495588541030884 0.0 2.9365627765655518 0.9396926760673523 0.0 0.3420202434062958 0.0
0.9495588541030884 0.0 2.9365627765655518 0.9063077569007874 0.0 0.4226182997226715 0.0
0.9495588541030884 0.0 2.9365627765655518 0.866025447845459 0.0 0.5 0.0
0.7330524921417236 0.0 2.8115627765655518 0.866025447845459 0.0 0.5 0.0
0.5165461301803589 0.0 2.6865627765655518 0.866025447845459 0.0 0.5 0.0
0.5165461301803589 0.0 2.6865627765655518 0.8191521167755127 0.0 0.5735764503479004 0.0
0.2816229462623596 0.0 2.601057767868042 0.8191521167755127 0.0 0.5735764503479004 0.0
0.04669976234436035 0.0 2.5155527591705322 0.8191521167755127 0.0 0.5735764503479004 0.0
-0.18822342157363892 0.0 2.4300477504730225 0.8191521167755127 0.0 0.5735764503479004 0.0
-0.4231466054916382 0.0 2.3445427417755127 0.8191521167755127 0.0 0.5735764503479004 0.0
-0.6580697894096375 0.0 2.259037733078003 0.8191521167755127 0.0 0.5735764503479004 0.0
-0.8929929733276367 0.0 2.173532724380493 0.8191521167755127 0.0 0.5735764503479004 0.0
-1.1279160976409912 0.0 2.0880277156829834 0.8191521167755127 0.0 0.5735764503479004 0.0
-1.3628392219543457 0.0 2.0025227069854736 0.8191521167755127 0.0 0.5735764503479004 0.0
-1.3628392219543457 0.0 2.0025227069854736 0.8660253882408142 0.0 0.5 0.0
-1.3628392219543457 0.0 2.0025227069854736 0.9063078165054321 0.0 0.4226182997226715 0.0
-1.5543503761291504 0.0 1.8418258428573608 0.9063078165054321 0.0 0.4226182997226715 0.0
-1.5543503761291504 0.0 1.8418258428573608 0.9396926164627075 0.0 0.342020183801651 0.0
-1.5543503761291504 0.0 1.8418258428573608 0.9659258127212524 0.0 0.2588190734386444 0.0
-1.5543503761291504 0.0 1.8418258428573608 0.9848077893257141 0.0 0.17364823818206787 0.0
-1.5543503761291504 0.0 1.8418258428573608 0.9961946606636047 0.0 0.08715580403804779 0.0
-1.5977624654769897 0.0 1.5956239700317383 0.9961946606636047 0.0 0.08715580403804779 0.0
-1.641174554824829 0.0 1.3494219779968262 0.9961946606636047 0.0 0.08715580403804779 0.0
-1.641174554824829 0.0 1.3494219779968262 1.0 0.0 6.705522537231445e-08 0.0
-1.641174554824829 0.0 1.3494219779968262 0.9961947202682495 0.0 -0.08715566992759705 0.0
-1.641174554824829 0.0 1.3494219779968262 0.9848077893257141 0.0 -0.17364808917045593 0.0
-1.641174554824829 0.0 1.3494219779968262 0.9659258723258972 0.0 -0.25881895422935486 0.0
-1.641174554824829 0.0 1.3494219779968262 0.9396926760673523 0.0 -0.34202006459236145 0.0
-1.4804776906967163 0.0 1.1579108238220215 0.9396926760673523 0.0 -0.34202006459236145 0.0
-1.3197808265686035 0.0 0.9663996696472168 0.9396926760673523 0.0 -0.34202006459236145 0.0
-1.1590839624404907 0.0 0.7748885154724121 0.9396926760673523 0.0 -0.34202006459236145 0.0
-1.1590839624404907 0.0 0.7748885154724121 0.9063078761100769 0.0 -0.42261821031570435 0.0
-1.1590839624404907 0.0 0.7748885154724121 0.8660255074501038 0.0 -0.4999999403953552 0.0
-1.1590839624404907 0.0 0.7748885154724121 0.8191520571708679 0.0 -0.5735763311386108 0.0
-1.1590839624404907 0.0 0.7748885154724121 0.7660444974899292 0.0 -0.642787516117096 0.0
-1.1590839624404907 0.0 0.7748885154724121 0.7071068286895752 0.0 -0.7071067094802856 0.0
-1.1590839624404907 0.0 0.7748885154724121 0.6427876949310303 0.0 -0.7660443782806396 0.0
-1.1590839624404907 0.0 0.7748885154724121 0.5735765695571899 0.0 -0.8191519975662231 0.0
-1.1590839624404907 0.0 0.7748885154724121 0.5000001192092896 0.0 -0.8660252690315247 0.0
-1.1590839624404907 0.0 0.7748885154724121 0.42261841893196106 0.0 -0.9063076972961426 0.0
-1.1590839624404907 0.0 0.7748885154724121 0.34202030301094055 0.0 -0.9396926164627075 0.0
-1.1590839624404907 0.0 0.7748885154724121 0.25881919264793396 0.0 -0.9659258723258972 0.0
-1.1590839624404907 0.0 0.7748885154724121 0.17364832758903503 0.0 -0.9848077893257141 0.0
-1.1590839624404907 0.0 0.7748885154724121 0.08715589344501495 0.0 -0.9961946606636047 0.0
-1.1590839624404907 0.0 0.7748885154724121 1.564621925354004e-07 0.0 -1.0 0.0
-1.1590838432312012 0.0 1.024888515472412 1.564621925354004e-07 0.0 -1.0 0.0
-1.1590838432312012 0.0 1.024888515472412 -0.08715558052062988 0.0 -0.9961947202682495 0.0
-1.1590838432312012 0.0 1.024888515472412 -0.17364801466464996 0.0 -0.9848077893257141 0.0
-1.244588851928711 0.0 1.2598116397857666 -0.17364801466464996 0.0 -0.9848077893257141 0.0
-1.3300938606262207 0.0 1.494734764099121 -0.17364801466464996 0.0 -0.9848077893257141 0.0
-1.4155988693237305 0.0 1.7296578884124756 -0.17364801466464996 0.0 -0.9848077893257141 0.0
-1.5011038780212402 0.0 1.96458101272583 -0.17364801466464996 0.0 -0.9848077893257141 0.0
-1.58660888671875 0.0 2.1995041370391846 -0.17364801466464996 0.0 -0.9848077893257141 0.0
-1.6721138954162598 0.0 2.434427261352539 -0.17364801466464996 0.0 -0.9848077893257141 0.0
-1.7576189041137695 0.0 2.6693503856658936 -0.17364801466464996 0.0 -0.9848077893257141 0.0
-1.8431239128112793 0.0 2.904273509979248 -0.17364801466464996 0.0 -0.9848077893257141 0.0
-1.928628921508789 0.0 3.1391966342926025 -0.17364801466464996 0.0 -0.9848077893257141 0.0
-2.014133930206299 0.0 3.374119758605957 -0.17364801466464996 0.0 -0.9848077893257141 0.0
-2.014133930206299 0.0 3.374119758605957 -0.08715558797121048 0.0 -0.9961947202682495 0.0
-2.014133930206299 0.0 3.374119758605957 1.4156103134155273e-07 0.0 -1.0 0.0
-2.014133930206299 0.0 3.374119758605957 0.08715587854385376 0.0 -0.9961947202682495 0.0
-1.9707218408584595 0.0 3.620321750640869 0.08715587854385376 0.0 -0.9961947202682495 0.0
-1.9273097515106201 0.0 3.8665237426757812 0.08715587854385376 0.0 -0.9961947202682495 0.0
-1.8838976621627808 0.0 4.112725734710693 0.08715587854385376 0.0 -0.9961947202682495 0.0
-1.8404855728149414 0.0 4.3589277267456055 0.08715587854385376 0.0 -0.9961947202682495 0.0
-1.8404855728149414 0.0 4.3589277267456055 0.17364829778671265 0.0 -0.9848077893257141 0.0
-1.8404855728149414 0.0 4.3589277267456055 0.2588191628456116 0.0 -0.9659258723258972 0.0
-1.8404855728149414 0.0 4.3589277267456055 0.3420202434062958 0.0 -0.9396925568580627 0.0
-1.8404855728149414 0.0 4.3589277267456055 0.4226183295249939 0.0 -0.9063077569007874 0.0
-1.8404855728149414 0.0 4.3589277267456055 0.5000000596046448 0.0 -0.866025447845459 0.0
-1.6239792108535767 0.0 4.4839277267456055 0.5000000596046448 0.0 -0.866025447845459 0.0
-1.407472848892212 0.0 4.6089277267456055 0.5000000596046448 0.0 -0.866025447845459 0.0
-1.1909664869308472 0.0 4.7339277267456055 0.5000000596046448 0.0 -0.866025447845459 0.0
-0.9744601249694824 0.0 4.8589277267456055 0.5000000596046448 0.0 -0.866025447845459 0.0
-0.7579537630081177 0.0 4.9839277267456055 0.5000000596046448 0.0 -0.866025447845459 0.0
-0.7579537630081177 0.0 4.9839277267456055 0.4226183295249939 0.0 -0.9063078165054321 0.0
-0.566442608833313 0.0 5.144624710083008 0.4226183295249939 0.0 -0.9063078165054321 0.0
-0.3749314546585083 0.0 5.30532169342041 0.4226183295249939 0.0 -0.9063078165054321 0.0
-0.3749314546585083 0.0 5.30532169342041 0.3420202136039734 0.0 -0.9396926164627075 0.0
-0.3749314546585083 0.0 5.30532169342041 0.2588191032409668 0.0 -0.9659258127212524 0.0
-0.2499314248561859 0.0 5.5218281745910645 0.2588191032409668 0.0 -0.9659258127212524 0.0
-0.12493139505386353 0.0 5.738334655761719 0.2588191032409668 0.0 -0.9659258127212524 0.0
6.86347484588623e-05 0.0 5.954841136932373 0.2588191032409668 0.0 -0.9659258127212524 0.0
6.86347484588623e-05 0.0 5.954841136932373 0.17364826798439026 0.0 -0.9848077893257141 0.0
6.86347484588623e-05 0.0 5.954841136932373 0.08715583384037018 0.0 -0.9961946606636047 0.0
6.86347484588623e-05 0.0 5.954841136932373 9.685754776000977e-08 0.0 -1.0 0.0
6.86347484588623e-05 0.0 5.954841136932373 -0.08715564012527466 0.0 -0.9961947202682495 0.0
-0.04334335774183273 0.0 6.201043128967285 -0.08715564012527466 0.0 -0.9961947202682495 0.0
-0.04334335774183273 0.0 6.201043128967285 -0.17364805936813354 0.0 -0.9848077893257141 0.0
-0.04334335774183273 0.0 6.201043128967285 -0.25881892442703247 0.0 -0.9659258723258972 0.0
-0.04334335774183273 0.0 6.201043128967285 -0.34202003479003906 0.0 -0.9396926760673523 0.0
-0.20404022932052612 0.0 6.39255428314209 -0.34202003479003906 0.0 -0.9396926760673523 0.0
-0.20404022932052612 0.0 6.39255428314209 -0.25881895422935486 0.0 -0.9659258723258972 0.0
-0.32904019951820374 0.0 6.609060764312744 -0.25881895422935486 0.0 -0.9659258723258972 0.0
-0.32904019951820374 0.0 6.609060764312744 -0.17364808917045593 0.0 -0.9848077893257141 0.0
-0.4145451784133911 0.0 6.843984127044678 -0.17364808917045593 0.0 -0.9848077893257141 0.0
-0.5000501871109009 0.0 7.078907489776611 -0.17364808917045593 0.0 -0.9848077893257141 0.0
-0.5000501871109009 0.0 7.078907489776611 -0.08715566247701645 0.0 -0.9961947798728943 0.0
-0.5434622168540955 0.0 7.325109481811523 -0.08715566247701645 0.0 -0.9961947798728943 0.0
-0.58687424659729 0.0 7.5713114738464355 -0.08715566247701645 0.0 -0.9961947798728943 0.0
-0.58687424659729 0.0 7.5713114738464355 8.195637946073475e-08 0.0 -1.0 0.0
-0.58687424659729 0.0 7.5713114738464355 0.08715581893920898 0.0 -0.9961947202682495 0.0
-0.58687424659729 0.0 7.5713114738464355 0.17364823818206787 0.0 -0.9848077893257141 0.0
-0.5013691782951355 0.0 7.806234836578369 0.17364823818206787 0.0 -0.9848077893257141 0.0
-0.5013691782951355 0.0 7.806234836578369 0.2588191032409668 0.0 -0.9659258723258972 0.0
-0.5013691782951355 0.0 7.806234836578369 0.3420202136039734 0.0 -0.9396926760673523 0.0
-0.34067225456237793 0.0 7.997745990753174 0.3420202136039734 0.0 -0.9396926760673523 0.0
-0.34067225456237793 0.0 7.997745990753174 0.4226182699203491 0.0 -0.9063077569007874 0.0
-0.34067225456237793 0.0 7.997745990753174 0.5 0.0 -0.866025447845459 0.0
-0.34067225456237793 0.0 7.997745990753174 0.5735764503479004 0.0 -0.8191521167755127 0.0
-0.34067225456237793 0.0 7.997745990753174 0.6427875757217407 0.0 -0.7660444378852844 0.0
-0.34067225456237793 0.0 7.997745990753174 0.7071068286895752 0.0 -0.7071068286895752 0.0
-0.34067225456237793 0.0 7.997745990753174 0.7660443782806396 0.0 -0.6427876353263855 0.0
-0.0944703221321106 0.0 7.954333782196045 0.7660443782806396 0.0 -0.6427876353263855 0.0
0.15173161029815674 0.0 7.910921573638916 0.7660443782806396 0.0 -0.6427876353263855 0.0
0.3979335427284241 0.0 7.867509365081787 0.7660443782806396 0.0 -0.6427876353263855 0.0
0.6441354751586914 0.0 7.824097156524658 0.7660443782806396 0.0 -0.6427876353263855 0.0
0.8903374075889587 0.0 7.780684947967529 0.7660443782806396 0.0 -0.6427876353263855 0.0
1.136539340019226 0.0 7.7372727394104 0.7660443782806396 0.0 -0.6427876353263855 0.0
1.3827412128448486 0.0 7.6938605308532715 0.7660443782806396 0.0 -0.6427876353263855 0.0
1.6289432048797607 0.0 7.650448322296143 0.7660443782806396 0.0 -0.6427876353263855 0.0
1.8751451969146729 0.0 7.607036113739014 0.7660443782806396 0.0 -0.6427876353263855 0.0
2.121347188949585 0.0 7.563623905181885 0.7660443782806396 0.0 -0.6427876353263855 0.0
2.367549180984497 0.0 7.520211696624756 0.7660443782806396 0.0 -0.6427876353263855 0.0
2.613751173019409 0.0 7.476799488067627 0.7660443782806396 0.0 -0.6427876353263855 0.0
2.613751173019409 0.0 7.476799488067627 0.7071067094802856 0.0 -0.7071068286895752 0.0
2.613751173019409 0.0 7.476799488067627 0.6427875757217407 0.0 -0.7660444974899292 0.0
2.613751173019409 0.0 7.476799488067627 0.5735763907432556 0.0 -0.8191521167755127 0.0
2.8486742973327637 0.0 7.562304496765137 0.5735763907432556 0.0 -0.8191521167755127 0.0
3.083597421646118 0.0 7.6478095054626465 0.5735763907432556 0.0 -0.8191521167755127 0.0
3.3185205459594727 0.0 7.733314514160156 0.5735763907432556 0.0 -0.8191521167755127 0.0
3.553443670272827 0.0 7.818819522857666 0.5735763907432556 0.0 -0.8191521167755127 0.0
3.7883667945861816 0.0 7.904324531555176 0.5735763907432556 0.0 -0.8191521167755127 0.0
4.023290157318115 0.0 7.9898295402526855 0.5735763907432556 0.0 -0.8191521167755127 0.0
4.023290157318115 0.0 7.9898295402526855 0.6427875757217407 0.0 -0.766044557094574 0.0
4.023290157318115 0.0 7.9898295402526855 0.7071067690849304 0.0 -0.70710688829422 0.0
4.273290157318115 0.0 7.9898295402526855 0.7071067690849304 0.0 -0.70710688829422 0.0
4.523290157318115 0.0 7.9898295402526855 0.7071067690849304 0.0 -0.70710688829422 0.0
4.523290157318115 0.0 7.9898295402526855 0.7660444378852844 0.0 -0.642787754535675 0.0
4.523290157318115 0.0 7.9898295402526855 0.8191520571708679 0.0 -0.5735765695571899 0.0
4.523290157318115 0.0 7.9898295402526855 0.8660253286361694 0.0 -0.5000001192092896 0.0
4.523290157318115 0.0 7.9898295402526855 0.9063076972961426 0.0 -0.42261838912963867 0.0
4.523290157318115 0.0 7.9898295402526855 0.9396926164627075 0.0 -0.34202027320861816 0.0
