0.0 2.5 -0.25 1.0 0.0 0.0 0.0
0.0 2.5 -0.25 0.9961947202682495 0.0 -0.08715573698282242 0.0
0.0 2.5 -0.25 0.9848077893257141 0.0 -0.1736481636762619 0.0
0.0 2.5 -0.25 0.9659258723258972 0.0 -0.258819043636322 0.0
0.0 2.5 -0.25 0.9396926760673523 0.0 -0.3420201539993286 0.0
0.0 2.5 -0.25 0.9063078761100769 0.0 -0.4226182699203491 0.0
0.0 2.5 -0.25 0.8660253882408142 0.0 -0.4999999403953552 0.0
0.0 2.5 -0.25 0.8191521167755127 0.0 -0.5735764503479004 0.0
0.0 2.5 -0.25 0.7660444378852844 0.0 -0.6427875757217407 0.0
0.0 2.5 -0.25 0.7071068286895752 0.0 -0.7071068286895752 0.0
0.0 2.5 -0.25 0.6427876353263855 0.0 -0.7660443782806396 0.0
0.24620193243026733 2.5 -0.2065880000591278 0.6427876353263855 0.0 -0.7660443782806396 0.0
0.49240386486053467 2.5 -0.16317600011825562 0.6427876353263855 0.0 -0.7660443782806396 0.0
0.738605797290802 2.5 -0.11976400017738342 0.6427876353263855 0.0 -0.7660443782806396 0.0
0.9848077297210693 2.5 -0.07635200023651123 0.6427876353263855 0.0 -0.7660443782806396 0.0
1.2310097217559814 2.5 -0.03294000029563904 0.6427876353263855 0.0 -0.7660443782806396 0.0
1.2310097217559814 2.5 -0.03294000029563904 0.7071068286895752 0.0 -0.7071067094802856 0.0
1.2310097217559814 2.5 -0.03294000029563904 0.7660444974899292 0.0 -0.6427875757217407 0.0
1.4772117137908936 2.5 -0.076352059841156 0.7660444974899292 0.0 -0.6427875757217407 0.0
1.7234137058258057 2.5 -0.11976411938667297 0.7660444974899292 0.0 -0.6427875757217407 0.0
1.7234137058258057 2.5 -0.11976411938667297 0.8191521167755127 0.0 -0.5735763907432556 0.0
1.7234137058258057 2.5 -0.11976411938667297 0.8660253882408142 0.0 -0.4999999403953552 0.0
1.7234137058258057 2.5 -0.11976411938667297 0.9063078165054321 0.0 -0.42261824011802673 0.0
1.7234137058258057 2.5 -0.11976411938667297 0.9396926760673523 0.0 -0.3420201539993286 0.0
1.7234137058258057 2.5 -0.11976411938667297 0.9659258723258972 0.0 -0.258819043636322 0.0
1.7234137058258057 2.5 -0.11976411938667297 0.9848077893257141 0.0 -0.1736481785774231 0.0
1.7234137058258057 2.5 -0.11976411938667297 0.9961947798728943 0.0 -0.08715575188398361 0.0
1.7234137058258057 2.5 -0.11976411938667297 1.0 0.0 -7.4505797087454084e-09 0.0
1.7234137058258057 2.5 -0.11976411938667297 0.9961947202682495 0.0 0.08715572953224182 0.0
1.7234137058258057 2.5 -0.11976411938667297 0.9848077893257141 0.0 0.1736481487751007 0.0
1.7234137058258057 2.5 -0.11976411938667297 0.9659258723258972 0.0 0.25881901383399963 0.0
1.7234137058258057 2.5 -0.11976411938667297 0.9396926760673523 0.0 0.3420201241970062 0.0
1.7234137058258057 2.5 -0.11976411938667297 0.9063078761100769 0.0 0.4226182699203491 0.0
1.7234137058258057 2.5 -0.11976411938667297 0.8660253882408142 0.0 0.4999999403953552 0.0
1.7234137058258057 2.5 -0.11976411938667297 0.8191521167755127 0.0 0.5735764503479004 0.0
1.7234137058258057 2.5 -0.11976411938667297 0.7660444378852844 0.0 0.6427875757217407 0.0
1.7234137058258057 2.5 -0.11976411938667297 0.7071068286895752 0.0 0.7071068286895752 0.0
1.7234137058258057 2.5 -0.11976411938667297 0.6427876353263855 0.0 0.7660443782806396 0.0
1.7234137058258057 2.5 -0.11976411938667297 0.5735764503479004 0.0 0.8191519975662231 0.0
1.7234137058258057 2.5 -0.11976411938667297 0.5000000596046448 0.0 0.8660253882408142 0.0
1.506907343864441 2.5 0.005235880613327026 0.5000000596046448 0.0 0.8660253882408142 0.0
1.2904009819030762 2.5 0.13023588061332703 0.5000000596046448 0.0 0.8660253882408142 0.0
1.0738946199417114 2.5 0.255235880613327 0.5000000596046448 0.0 0.8660253882408142 0.0
0.8573882579803467 2.5 0.380235880613327 0.5000000596046448 0.0 0.8660253882408142 0.0
0.8573882579803467 2.5 0.380235880613327 0.4226183295249939 0.0 0.9063077569007874 0.0
0.8573882579803467 2.5 0.380235880613327 0.3420202136039734 0.0 0.9396926164627075 0.0
0.8573882579803467 2.5 0.380235880613327 0.2588191032409668 0.0 0.9659258127212524 0.0
0.8573882579803467 2.5 0.380235880613327 0.17364826798439026 0.0 0.9848077893257141 0.0
0.8573882579803467 2.5 0.380235880613327 0.08715583384037018 0.0 0.9961946606636047 0.0
0.8573882579803467 2.5 0.380235880613327 9.685754776000977e-08 0.0 1.0 0.0
0.8573882579803467 2.5 0.380235880613327 -0.08715564012527466 0.0 0.9961947202682495 0.0
0.8573882579803467 2.5 0.380235880613327 -0.17364805936813354 0.0 0.9848077893257141 0.0
0.9428932666778564 2.5 0.6151590347290039 -0.17364805936813354 0.0 0.9848077893257141 0.0
1.0283982753753662 2.5 0.8500822186470032 -0.17364805936813354 0.0 0.9848077893257141 0.0
1.113903284072876 2.5 1.0850054025650024 -0.17364805936813354 0.0 0.9848077893257141 0.0
1.1994082927703857 2.5 1.3199286460876465 -0.17364805936813354 0.0 0.9848077893257141 0.0
1.2849133014678955 2.5 1.554851770401001 -0.17364805936813354 0.0 0.9848077893257141 0.0
1.3704183101654053 2.5 1.7897748947143555 -0.17364805936813354 0.0 0.9848077893257141 0.0
1.3704183101654053 2.5 1.7897748947143555 -0.25881892442703247 0.0 0.9659258723258972 0.0
1.4954183101654053 2.5 2.0062813758850098 -0.25881892442703247 0.0 0.9659258723258972 0.0
1.4954183101654053 2.5 2.0062813758850098 -0.34202003479003906 0.0 0.9396926760673523 0.0
1.4954183101654053 2.5 2.0062813758850098 -0.42261818051338196 0.0 0.9063078761100769 0.0
1.4954183101654053 2.5 2.0062813758850098 -0.49999991059303284 0.0 0.8660255074501038 0.0
1.4954183101654053 2.5 2.0062813758850098 -0.5735763311386108 0.0 0.8191521763801575 0.0
1.4954183101654053 2.5 2.0062813758850098 -0.642787516117096 0.0 0.7660446166992188 0.0
1.7416203022003174 2.5 2.0496935844421387 -0.642787516117096 0.0 0.7660446166992188 0.0
1.9878222942352295 2.5 2.0931057929992676 -0.642787516117096 0.0 0.7660446166992188 0.0
2.2340242862701416 2.5 2.1365180015563965 -0.642787516117096 0.0 0.7660446166992188 0.0
2.2340242862701416 2.5 2.1365180015563965 -0.7071067094802856 0.0 0.7071069478988647 0.0
2.2340242862701416 2.5 2.1365180015563965 -0.7660442590713501 0.0 0.642787754535675 0.0
2.2340242862701416 2.5 2.1365180015563965 -0.8191519379615784 0.0 0.5735766887664795 0.0
2.2340242862701416 2.5 2.1365180015563965 -0.8660252094268799 0.0 0.5000002384185791 0.0
2.2340242862701416 2.5 2.1365180015563965 -0.9063076376914978 0.0 0.4226185381412506 0.0
2.2340242862701416 2.5 2.1365180015563965 -0.9396925568580627 0.0 0.3420204520225525 0.0
2.2340242862701416 2.5 2.1365180015563965 -0.9659258127212524 0.0 0.2588193416595459 0.0
2.2340242862701416 2.5 2.1365180015563965 -0.9848077893257141 0.0 0.17364849150180817 0.0
2.2340242862701416 2.5 2.1365180015563965 -0.9961946606636047 0.0 0.08715605735778809 0.0
2.2340242862701416 2.5 2.1365180015563965 -1.0 0.0 3.203749656677246e-07 0.0
2.2340242862701416 2.5 2.1365180015563965 -0.9961947202682495 0.0 -0.08715541660785675 0.0
2.2340242862701416 2.5 2.1365180015563965 -0.9848078489303589 0.0 -0.17364785075187683 0.0
2.2340242862701416 2.5 2.1365180015563965 -0.9659259915351868 0.0 -0.25881874561309814 0.0
2.2340242862701416 2.5 2.1365180015563965 -0.9396927952766418 0.0 -0.34201985597610474 0.0
2.2340242862701416 2.5 2.1365180015563965 -0.9063078761100769 0.0 -0.42261794209480286 0.0
2.2340242862701416 2.5 2.1365180015563965 -0.8660255670547485 0.0 -0.4999997019767761 0.0
2.2340242862701416 2.5 2.1365180015563965 -0.8191522359848022 0.0 -0.5735761523246765 0.0
2.2340242862701416 2.5 2.1365180015563965 -0.7660446763038635 0.0 -0.6427873373031616 0.0
2.2340242862701416 2.5 2.1365180015563965 -0.7071070671081543 0.0 -0.7071065306663513 0.0
2.2340242862701416 2.5 2.1365180015563965 -0.6427879333496094 0.0 -0.7660442590713501 0.0
1.9878222942352295 2.5 2.1799299716949463 -0.6427879333496094 0.0 -0.7660442590713501 0.0
1.7416203022003174 2.5 2.223341941833496 -0.6427879333496094 0.0 -0.7660442590713501 0.0
1.4954183101654053 2.5 2.266753911972046 -0.6427879333496094 0.0 -0.7660442590713501 0.0
1.4954183101654053 2.5 2.266753911972046 -0.573576807975769 0.0 -0.8191518783569336 0.0
1.4954183101654053 2.5 2.266753911972046 -0.5000003576278687 0.0 -0.8660252094268799 0.0
1.4954183101654053 2.5 2.266753911972046 -0.42261865735054016 0.0 -0.9063076376914978 0.0
1.4954183101654053 2.5 2.266753911972046 -0.34202054142951965 0.0 -0.9396924376487732 0.0
1.3347212076187134 2.5 2.4582648277282715 -0.34202054142951965 0.0 -0.9396924376487732 0.0
1.3347212076187134 2.5 2.4582648277282715 -0.25881949067115784 0.0 -0.9659257531166077 0.0
1.3347212076187134 2.5 2.4582648277282715 -0.1736486405134201 0.0 -0.9848077297210693 0.0
1.3347212076187134 2.5 2.4582648277282715 -0.08715622127056122 0.0 -0.9961947202682495 0.0
1.291308879852295 2.5 2.7044668197631836 -0.08715622127056122 0.0 -0.9961947202682495 0.0
1.2478965520858765 2.5 2.9506688117980957 -0.08715622127056122 0.0 -0.9961947202682495 0.0
1.2478965520858765 2.5 2.9506688117980957 -4.8428768195663e-07 0.0 -1.0 0.0
1.2478965520858765 2.5 2.9506688117980957 0.08715525269508362 0.0 -0.9961947798728943 0.0
1.2913084030151367 2.5 3.196870803833008 0.08715525269508362 0.0 -0.9961947798728943 0.0
1.334720253944397 2.5 3.44307279586792 0.08715525269508362 0.0 -0.9961947798728943 0.0
1.3781321048736572 2.5 3.689274787902832 0.08715525269508362 0.0 -0.9961947798728943 0.0
1.3781321048736572 2.5 3.689274787902832 0.1736477017402649 0.0 -0.9848079085350037 0.0
1.3781321048736572 2.5 3.689274787902832 0.25881853699684143 0.0 -0.965925931930542 0.0
1.3781321048736572 2.5 3.689274787902832 0.342019647359848 0.0 -0.9396927952766418 0.0
1.5388288497924805 2.5 3.8807859420776367 0.342019647359848 0.0 -0.9396927952766418 0.0
1.6995255947113037 2.5 4.072297096252441 0.342019647359848 0.0 -0.9396927952766418 0.0
1.860222339630127 2.5 4.263808250427246 0.342019647359848 0.0 -0.9396927952766418 0.0
1.860222339630127 2.5 4.263808250427246 0.4226177930831909 0.0 -0.9063079953193665 0.0
1.860222339630127 2.5 4.263808250427246 0.4999995529651642 0.0 -0.8660256862640381 0.0
1.860222339630127 2.5 4.263808250427246 0.573576033115387 0.0 -0.8191523551940918 0.0
1.860222339630127 2.5 4.263808250427246 0.6427872180938721 0.0 -0.7660447359085083 0.0
1.860222339630127 2.5 4.263808250427246 0.7071064710617065 0.0 -0.7071071863174438 0.0
1.860222339630127 2.5 4.263808250427246 0.7660440802574158 0.0 -0.6427879929542542 0.0
2.106424331665039 2.5 4.220396518707275 0.7660440802574158 0.0 -0.6427879929542542 0.0
2.352626323699951 2.5 4.176984786987305 0.7660440802574158 0.0 -0.6427879929542542 0.0
2.352626323699951 2.5 4.176984786987305 0.819151759147644 0.0 -0.5735769271850586 0.0
2.352626323699951 2.5 4.176984786987305 0.8660250902175903 0.0 -0.5000004768371582 0.0
2.352626323699951 2.5 4.176984786987305 0.906307578086853 0.0 -0.4226188063621521 0.0
2.352626323699951 2.5 4.176984786987305 0.939692497253418 0.0 -0.3420206904411316 0.0
2.5133235454559326 2.5 3.985473871231079 0.939692497253418 0.0 -0.3420206904411316 0.0
2.674020767211914 2.5 3.7939629554748535 0.939692497253418 0.0 -0.3420206904411316 0.0
2.674020767211914 2.5 3.7939629554748535 0.9659257531166077 0.0 -0.2588196098804474 0.0
2.674020767211914 2.5 3.7939629554748535 0.9848077297210693 0.0 -0.17364875972270966 0.0
2.759526014328003 2.5 3.559039831161499 0.9848077297210693 0.0 -0.17364875972270966 0.0
2.845031261444092 2.5 3.3241167068481445 0.9848077297210693 0.0 -0.17364875972270966 0.0
2.9305365085601807 2.5 3.08919358253479 0.9848077297210693 0.0 -0.17364875972270966 0.0
2.9305365085601807 2.5 3.08919358253479 0.9659257531166077 0.0 -0.2588196396827698 0.0
2.9305365085601807 2.5 3.08919358253479 0.9396923780441284 0.0 -0.342020720243454 0.0
2.9305365085601807 2.5 3.08919358253479 0.9063075184822083 0.0 -0.4226188063621521 0.0
2.9305365085601807 2.5 3.08919358253479 0.8660251498222351 0.0 -0.500000536441803 0.0
2.9305365085601807 2.5 3.08919358253479 0.819151759147644 0.0 -0.5735769271850586 0.0
2.9305365085601807 2.5 3.08919358253479 0.766044020652771 0.0 -0.6427880525588989 0.0
2.9305365085601807 2.5 3.08919358253479 0.707106351852417 0.0 -0.7071071863174438 0.0
2.9305365085601807 2.5 3.08919358253479 0.6427871584892273 0.0 -0.7660448551177979 0.0
2.9305365085601807 2.5 3.08919358253479 0.5735759735107422 0.0 -0.8191524147987366 0.0
2.9305365085601807 2.5 3.08919358253479 0.4999995231628418 0.0 -0.8660257458686829 0.0
2.9305365085601807 2.5 3.08919358253479 0.42261776328086853 0.0 -0.906308114528656 0.0
2.9305365085601807 2.5 3.08919358253479 0.34201958775520325 0.0 -0.9396927952766418 0.0
2.9305365085601807 2.5 3.08919358253479 0.25881853699684143 0.0 -0.9659259915351868 0.0
2.9305365085601807 2.5 3.08919358253479 0.1736476719379425 0.0 -0.9848078489303589 0.0
2.9305365085601807 2.5 3.08919358253479 0.08715523779392242 0.0 -0.9961947798728943 0.0
2.9305365085601807 2.5 3.08919358253479 -4.991888431504776e-07 0.0 -1.0 0.0
2.9305365085601807 2.5 3.08919358253479 -0.08715623617172241 0.0 -0.9961946606636047 0.0
2.9305365085601807 2.5 3.08919358253479 -0.1736486554145813 0.0 -0.9848076701164246 0.0
2.9305365085601807 2.5 3.08919358253479 -0.2588195204734802 0.0 -0.9659257531166077 0.0
2.8055362701416016 2.5 3.3056998252868652 -0.2588195204734802 0.0 -0.9659257531166077 0.0
2.6805360317230225 2.5 3.5222060680389404 -0.2588195204734802 0.0 -0.9659257531166077 0.0
2.6805360317230225 2.5 3.5222060680389404 -0.3420206308364868 0.0 -0.939692497253418 0.0
2.519838809967041 2.5 3.713716983795166 -0.3420206308364868 0.0 -0.939692497253418 0.0
2.3591415882110596 2.5 3.9052278995513916 -0.3420206308364868 0.0 -0.939692497253418 0.0
2.3591415882110596 2.5 3.9052278995513916 -0.42261871695518494 0.0 -0.9063076376914978 0.0
2.167630195617676 2.5 4.065924644470215 -0.42261871695518494 0.0 -0.9063076376914978 0.0
1.9761189222335815 2.5 4.226621627807617 -0.42261871695518494 0.0 -0.9063076376914978 0.0
1.7846076488494873 2.5 4.3873186111450195 -0.42261871695518494 0.0 -0.9063076376914978 0.0
1.593096375465393 2.5 4.548015594482422 -0.42261871695518494 0.0 -0.9063076376914978 0.0
1.4015851020812988 2.5 4.708712577819824 -0.42261871695518494 0.0 -0.9063076376914978 0.0
1.4015851020812988 2.5 4.708712577819824 -0.5000003576278687 0.0 -0.8660251498222351 0.0
1.1850786209106445 2.5 4.833712577819824 -0.5000003576278687 0.0 -0.8660251498222351 0.0
0.968572199344635 2.5 4.958712577819824 -0.5000003576278687 0.0 -0.8660251498222351 0.0
0.7520657777786255 2.5 5.083712577819824 -0.5000003576278687 0.0 -0.8660251498222351 0.0
0.535559356212616 2.5 5.208712577819824 -0.5000003576278687 0.0 -0.8660251498222351 0.0
0.535559356212616 2.5 5.208712577819824 -0.5735768675804138 0.0 -0.8191518187522888 0.0
0.535559356212616 2.5 5.208712577819824 -0.6427879929542542 0.0 -0.7660440802574158 0.0
0.28935739398002625 2.5 5.252124309539795 -0.6427879929542542 0.0 -0.7660440802574158 0.0
0.04315543174743652 2.5 5.295536041259766 -0.6427879929542542 0.0 -0.7660440802574158 0.0
0.04315543174743652 2.5 5.295536041259766 -0.7071071863174438 0.0 -0.7071064710617065 0.0
0.04315543174743652 2.5 5.295536041259766 -0.7660447359085083 0.0 -0.6427872180938721 0.0
0.04315543174743652 2.5 5.295536041259766 -0.819152295589447 0.0 -0.573576033115387 0.0
0.04315543174743652 2.5 5.295536041259766 -0.8660256266593933 0.0 -0.49999961256980896 0.0
-0.17335081100463867 2.5 5.170536041259766 -0.8660256266593933 0.0 -0.49999961256980896 0.0
-0.38985705375671387 2.5 5.045536041259766 -0.8660256266593933 0.0 -0.49999961256980896 0.0
-0.38985705375671387 2.5 5.045536041259766 -0.9063079953193665 0.0 -0.4226178526878357 0.0
-0.38985705375671387 2.5 5.045536041259766 -0.9396927952766418 0.0 -0.3420197367668152 0.0
-0.38985705375671387 2.5 5.045536041259766 -0.9659259915351868 0.0 -0.258818656206131 0.0
-0.38985705375671387 2.5 5.045536041259766 -0.9848079085350037 0.0 -0.17364779114723206 0.0
-0.4753619134426117 2.5 4.810612678527832 -0.9848079085350037 0.0 -0.17364779114723206 0.0
-0.5608667731285095 2.5 4.575689315795898 -0.9848079085350037 0.0 -0.17364779114723206 0.0
-0.646371603012085 2.5 4.340765953063965 -0.9848079085350037 0.0 -0.17364779114723206 0.0
-0.7318764925003052 2.5 4.105842590332031 -0.9848079085350037 0.0 -0.17364779114723206 0.0
-0.7318764925003052 2.5 4.105842590332031 -0.9961947202682495 0.0 -0.08715534955263138 0.0
-0.7318764925003052 2.5 4.105842590332031 -1.0 0.0 3.7997961044311523e-07 0.0
-0.7318764925003052 2.5 4.105842590332031 -0.9961946606636047 0.0 0.08715611696243286 0.0
-0.7318764925003052 2.5 4.105842590332031 -0.9848077297210693 0.0 0.17364853620529175 0.0
-0.7318764925003052 2.5 4.105842590332031 -0.9659258127212524 0.0 0.2588194012641907 0.0
-0.7318764925003052 2.5 4.105842590332031 -0.9396925568580627 0.0 0.34202051162719727 0.0
-0.7318764925003052 2.5 4.105842590332031 -0.906307578086853 0.0 0.422618567943573 0.0
-0.7318764925003052 2.5 4.105842590332031 -0.8660252690315247 0.0 0.5000003576278687 0.0
-0.7318764925003052 2.5 4.105842590332031 -0.8191518783569336 0.0 0.573576807975769 0.0
-0.7318764925003052 2.5 4.105842590332031 -0.7660441398620605 0.0 0.6427879333496094 0.0
-0.7318764925003052 2.5 4.105842590332031 -0.7071064710617065 0.0 0.7071070671081543 0.0
-0.7318764925003052 2.5 4.105842590332031 -0.6427872776985168 0.0 0.7660447359085083 0.0
-0.7318764925003052 2.5 4.105842590332031 -0.5735760927200317 0.0 0.819152295589447 0.0
-0.7318764925003052 2.5 4.105842590332031 -0.49999967217445374 0.0 0.8660256862640381 0.0
-0.7318764925003052 2.5 4.105842590332031 -0.42261791229248047 0.0 0.9063080549240112 0.0
-0.7318764925003052 2.5 4.105842590332031 -0.3420197367668152 0.0 0.9396927356719971 0.0
-0.5711797475814819 2.5 4.297353744506836 -0.3420197367668152 0.0 0.9396927356719971 0.0
-0.4104830026626587 2.5 4.488864898681641 -0.3420197367668152 0.0 0.9396927356719971 0.0
-0.24978627264499664 2.5 4.680376052856445 -0.3420197367668152 0.0 0.9396927356719971 0.0
-0.0890895426273346 2.5 4.87188720703125 -0.3420197367668152 0.0 0.9396927356719971 0.0
-0.0890895426273346 2.5 4.87188720703125 -0.42261791229248047 0.0 0.9063079953193665 0.0
-0.0890895426273346 2.5 4.87188720703125 -0.49999964237213135 0.0 0.8660256266593933 0.0
0.1274167150259018 2.5 4.99688720703125 -0.49999964237213135 0.0 0.8660256266593933 0.0
0.3439229726791382 2.5 5.12188720703125 -0.49999964237213135 0.0 0.8660256266593933 0.0
0.3439229726791382 2.5 5.12188720703125 -0.5735760927200317 0.0 0.819152295589447 0.0
0.3439229726791382 2.5 5.12188720703125 -0.6427873373031616 0.0 0.7660447359085083 0.0
0.5901249051094055 2.5 5.165299415588379 -0.6427873373031616 0.0 0.7660447359085083 0.0
0.8363268375396729 2.5 5.208711624145508 -0.6427873373031616 0.0 0.7660447359085083 0.0
0.8363268375396729 2.5 5.208711624145508 -0.5735761523246765 0.0 0.819152295589447 0.0
0.8363268375396729 2.5 5.208711624145508 -0.49999967217445374 0.0 0.8660255670547485 0.0
0.8363268375396729 2.5 5.208711624145508 -0.42261794209480286 0.0 0.9063079357147217 0.0
0.8363268375396729 2.5 5.208711624145508 -0.34201979637145996 0.0 0.9396927356719971 0.0
0.9970235824584961 2.5 5.4002227783203125 -0.34201979637145996 0.0 0.9396927356719971 0.0
1.1577203273773193 2.5 5.591733932495117 -0.34201979637145996 0.0 0.9396927356719971 0.0
1.3184170722961426 2.5 5.783245086669922 -0.34201979637145996 0.0 0.9396927356719971 0.0
1.4791138172149658 2.5 5.974756240844727 -0.34201979637145996 0.0 0.9396927356719971 0.0
1.4791138172149658 2.5 5.974756240844727 -0.25881871581077576 0.0 0.965925931930542 0.0
1.4791138172149658 2.5 5.974756240844727 -0.17364785075187683 0.0 0.9848078489303589 0.0
1.564618706703186 2.5 6.20967960357666 -0.17364785075187683 0.0 0.9848078489303589 0.0
1.564618706703186 2.5 6.20967960357666 -0.08715541660785675 0.0 0.9961947798728943 0.0
1.564618706703186 2.5 6.20967960357666 3.203749372460152e-07 0.0 1.0 0.0
1.564618706703186 2.5 6.20967960357666 0.08715605735778809 0.0 0.9961947202682495 0.0
1.564618706703186 2.5 6.20967960357666 0.17364847660064697 0.0 0.9848077893257141 0.0
1.564618706703186 2.5 6.20967960357666 0.2588193118572235 0.0 0.9659257531166077 0.0
1.564618706703186 2.5 6.20967960357666 0.3420204222202301 0.0 0.9396925568580627 0.0
1.564618706703186 2.5 6.20967960357666 0.4226185083389282 0.0 0.9063076972961426 0.0
1.564618706703186 2.5 6.20967960357666 0.5000002384185791 0.0 0.8660253286361694 0.0
1.564618706703186 2.5 6.20967960357666 0.5735766887664795 0.0 0.8191519379615784 0.0
1.564618706703186 2.5 6.20967960357666 0.6427878141403198 0.0 0.7660442590713501 0.0
